0.374988317489624
0.374988317489624
0.5867326259613037
0.374988317489624
0.5867326259613037
0.8398663997650146
0.374988317489624
0.5867326259613037
0.8398663997650146
1.176002025604248
0.374988317489624
0.5867326259613037
0.8398663997650146
1.176002025604248
1.264021396636963
0.374988317489624
0.5867326259613037
0.8398663997650146
1.176002025604248
1.264021396636963
1.702406406402588
0.374988317489624
0.5867326259613037
0.8398663997650146
1.176002025604248
1.264021396636963
1.702406406402588
1.9449174404144287
0.374988317489624
0.5867326259613037
0.8398663997650146
1.176002025604248
1.264021396636963
1.702406406402588
1.9449174404144287
1.865525245666504
0.374988317489624
0.5867326259613037
0.8398663997650146
1.176002025604248
1.264021396636963
1.702406406402588
1.9449174404144287
1.865525245666504
2.047085762023926
0.374988317489624
0.5867326259613037
0.8398663997650146
1.176002025604248
1.264021396636963
1.702406406402588
1.9449174404144287
1.865525245666504
2.047085762023926
2.269744873046875
