0.09882450103759766
0.09882450103759766
0.14839410781860352
0.09882450103759766
0.14839410781860352
0.1874983310699463
0.09882450103759766
0.14839410781860352
0.1874983310699463
0.2725839614868164
0.09882450103759766
0.14839410781860352
0.1874983310699463
0.2725839614868164
0.36336779594421387
0.09882450103759766
0.14839410781860352
0.1874983310699463
0.2725839614868164
0.36336779594421387
0.494159460067749
0.09882450103759766
0.14839410781860352
0.1874983310699463
0.2725839614868164
0.36336779594421387
0.494159460067749
0.6104409694671631
0.09882450103759766
0.14839410781860352
0.1874983310699463
0.2725839614868164
0.36336779594421387
0.494159460067749
0.6104409694671631
0.7894301414489746
0.09882450103759766
0.14839410781860352
0.1874983310699463
0.2725839614868164
0.36336779594421387
0.494159460067749
0.6104409694671631
0.7894301414489746
1.1325442790985107
0.09882450103759766
0.14839410781860352
0.1874983310699463
0.2725839614868164
0.36336779594421387
0.494159460067749
0.6104409694671631
0.7894301414489746
1.1325442790985107
1.3804078102111816
0.09882450103759766
0.14839410781860352
0.1874983310699463
0.2725839614868164
0.36336779594421387
0.494159460067749
0.6104409694671631
0.7894301414489746
1.1325442790985107
1.3804078102111816
1.9968199729919434
0.09882450103759766
0.14839410781860352
0.1874983310699463
0.2725839614868164
0.36336779594421387
0.494159460067749
0.6104409694671631
0.7894301414489746
1.1325442790985107
1.3804078102111816
1.9968199729919434
2.3414385318756104
0.09882450103759766
0.14839410781860352
0.1874983310699463
0.2725839614868164
0.36336779594421387
0.494159460067749
0.6104409694671631
0.7894301414489746
1.1325442790985107
1.3804078102111816
1.9968199729919434
2.3414385318756104
2.21856951713562
0.09882450103759766
0.14839410781860352
0.1874983310699463
0.2725839614868164
0.36336779594421387
0.494159460067749
0.6104409694671631
0.7894301414489746
1.1325442790985107
1.3804078102111816
1.9968199729919434
2.3414385318756104
2.21856951713562
2.485218048095703
0.09882450103759766
0.14839410781860352
0.1874983310699463
0.2725839614868164
0.36336779594421387
0.494159460067749
0.6104409694671631
0.7894301414489746
1.1325442790985107
1.3804078102111816
1.9968199729919434
2.3414385318756104
2.21856951713562
2.485218048095703
3.099219799041748
0.09882450103759766
0.14839410781860352
0.1874983310699463
0.2725839614868164
0.36336779594421387
0.494159460067749
0.6104409694671631
0.7894301414489746
1.1325442790985107
1.3804078102111816
1.9968199729919434
2.3414385318756104
2.21856951713562
2.485218048095703
3.099219799041748
3.504936695098877
0.09882450103759766
0.14839410781860352
0.1874983310699463
0.2725839614868164
0.36336779594421387
0.494159460067749
0.6104409694671631
0.7894301414489746
1.1325442790985107
1.3804078102111816
1.9968199729919434
2.3414385318756104
2.21856951713562
2.485218048095703
3.099219799041748
3.504936695098877
4.520705938339233
0.09882450103759766
0.14839410781860352
0.1874983310699463
0.2725839614868164
0.36336779594421387
0.494159460067749
0.6104409694671631
0.7894301414489746
1.1325442790985107
1.3804078102111816
1.9968199729919434
2.3414385318756104
2.21856951713562
2.485218048095703
3.099219799041748
3.504936695098877
4.520705938339233
4.665875434875488
0.09882450103759766
0.14839410781860352
0.1874983310699463
0.2725839614868164
0.36336779594421387
0.494159460067749
0.6104409694671631
0.7894301414489746
1.1325442790985107
1.3804078102111816
1.9968199729919434
2.3414385318756104
2.21856951713562
2.485218048095703
3.099219799041748
3.504936695098877
4.520705938339233
4.665875434875488
7.587802410125732
0.09882450103759766
0.14839410781860352
0.1874983310699463
0.2725839614868164
0.36336779594421387
0.494159460067749
0.6104409694671631
0.7894301414489746
1.1325442790985107
1.3804078102111816
1.9968199729919434
2.3414385318756104
2.21856951713562
2.485218048095703
3.099219799041748
3.504936695098877
4.520705938339233
4.665875434875488
7.587802410125732
6.634559631347656
