1.8719089031219482
1.8719089031219482
3.8778412342071533
1.8719089031219482
3.8778412342071533
6.5724217891693115
1.8719089031219482
3.8778412342071533
6.5724217891693115
8.096519708633423
1.8719089031219482
3.8778412342071533
6.5724217891693115
8.096519708633423
10.676778554916382
1.8719089031219482
3.8778412342071533
6.5724217891693115
8.096519708633423
10.676778554916382
13.644716739654541
1.8719089031219482
3.8778412342071533
6.5724217891693115
8.096519708633423
10.676778554916382
13.644716739654541
15.252689123153687
1.8719089031219482
3.8778412342071533
6.5724217891693115
8.096519708633423
10.676778554916382
13.644716739654541
15.252689123153687
13.236660957336426
1.8719089031219482
3.8778412342071533
6.5724217891693115
8.096519708633423
10.676778554916382
13.644716739654541
15.252689123153687
13.236660957336426
13.485956192016602
1.8719089031219482
3.8778412342071533
6.5724217891693115
8.096519708633423
10.676778554916382
13.644716739654541
15.252689123153687
13.236660957336426
13.485956192016602
16.042762994766235
