0.13415098190307617
0.13415098190307617
0.25516390800476074
0.13415098190307617
0.25516390800476074
0.3923189640045166
0.13415098190307617
0.25516390800476074
0.3923189640045166
0.5977559089660645
0.13415098190307617
0.25516390800476074
0.3923189640045166
0.5977559089660645
0.867840051651001
0.13415098190307617
0.25516390800476074
0.3923189640045166
0.5977559089660645
0.867840051651001
1.264263391494751
0.13415098190307617
0.25516390800476074
0.3923189640045166
0.5977559089660645
0.867840051651001
1.264263391494751
1.5859770774841309
0.13415098190307617
0.25516390800476074
0.3923189640045166
0.5977559089660645
0.867840051651001
1.264263391494751
1.5859770774841309
2.199885845184326
0.13415098190307617
0.25516390800476074
0.3923189640045166
0.5977559089660645
0.867840051651001
1.264263391494751
1.5859770774841309
2.199885845184326
3.20351243019104
0.13415098190307617
0.25516390800476074
0.3923189640045166
0.5977559089660645
0.867840051651001
1.264263391494751
1.5859770774841309
2.199885845184326
3.20351243019104
3.695201873779297
0.13415098190307617
0.25516390800476074
0.3923189640045166
0.5977559089660645
0.867840051651001
1.264263391494751
1.5859770774841309
2.199885845184326
3.20351243019104
3.695201873779297
5.208460092544556
0.13415098190307617
0.25516390800476074
0.3923189640045166
0.5977559089660645
0.867840051651001
1.264263391494751
1.5859770774841309
2.199885845184326
3.20351243019104
3.695201873779297
5.208460092544556
6.373023986816406
0.13415098190307617
0.25516390800476074
0.3923189640045166
0.5977559089660645
0.867840051651001
1.264263391494751
1.5859770774841309
2.199885845184326
3.20351243019104
3.695201873779297
5.208460092544556
6.373023986816406
6.742796897888184
0.13415098190307617
0.25516390800476074
0.3923189640045166
0.5977559089660645
0.867840051651001
1.264263391494751
1.5859770774841309
2.199885845184326
3.20351243019104
3.695201873779297
5.208460092544556
6.373023986816406
6.742796897888184
8.44717025756836
0.13415098190307617
0.25516390800476074
0.3923189640045166
0.5977559089660645
0.867840051651001
1.264263391494751
1.5859770774841309
2.199885845184326
3.20351243019104
3.695201873779297
5.208460092544556
6.373023986816406
6.742796897888184
8.44717025756836
9.743363857269287
0.13415098190307617
0.25516390800476074
0.3923189640045166
0.5977559089660645
0.867840051651001
1.264263391494751
1.5859770774841309
2.199885845184326
3.20351243019104
3.695201873779297
5.208460092544556
6.373023986816406
6.742796897888184
8.44717025756836
9.743363857269287
11.589986085891724
0.13415098190307617
0.25516390800476074
0.3923189640045166
0.5977559089660645
0.867840051651001
1.264263391494751
1.5859770774841309
2.199885845184326
3.20351243019104
3.695201873779297
5.208460092544556
6.373023986816406
6.742796897888184
8.44717025756836
9.743363857269287
11.589986085891724
12.082557678222656
0.13415098190307617
0.25516390800476074
0.3923189640045166
0.5977559089660645
0.867840051651001
1.264263391494751
1.5859770774841309
2.199885845184326
3.20351243019104
3.695201873779297
5.208460092544556
6.373023986816406
6.742796897888184
8.44717025756836
9.743363857269287
11.589986085891724
12.082557678222656
13.149343729019165
0.13415098190307617
0.25516390800476074
0.3923189640045166
0.5977559089660645
0.867840051651001
1.264263391494751
1.5859770774841309
2.199885845184326
3.20351243019104
3.695201873779297
5.208460092544556
6.373023986816406
6.742796897888184
8.44717025756836
9.743363857269287
11.589986085891724
12.082557678222656
13.149343729019165
16.263818740844727
0.13415098190307617
0.25516390800476074
0.3923189640045166
0.5977559089660645
0.867840051651001
1.264263391494751
1.5859770774841309
2.199885845184326
3.20351243019104
3.695201873779297
5.208460092544556
6.373023986816406
6.742796897888184
8.44717025756836
9.743363857269287
11.589986085891724
12.082557678222656
13.149343729019165
16.263818740844727
14.995629787445068
