1.3825607299804688
1.3825607299804688
1.8167471885681152
1.3825607299804688
1.8167471885681152
2.7482450008392334
1.3825607299804688
1.8167471885681152
2.7482450008392334
3.5240638256073
1.3825607299804688
1.8167471885681152
2.7482450008392334
3.5240638256073
3.37430477142334
1.3825607299804688
1.8167471885681152
2.7482450008392334
3.5240638256073
3.37430477142334
4.552448987960815
1.3825607299804688
1.8167471885681152
2.7482450008392334
3.5240638256073
3.37430477142334
4.552448987960815
4.8738110065460205
1.3825607299804688
1.8167471885681152
2.7482450008392334
3.5240638256073
3.37430477142334
4.552448987960815
4.8738110065460205
5.157743692398071
1.3825607299804688
1.8167471885681152
2.7482450008392334
3.5240638256073
3.37430477142334
4.552448987960815
4.8738110065460205
5.157743692398071
5.5514562129974365
1.3825607299804688
1.8167471885681152
2.7482450008392334
3.5240638256073
3.37430477142334
4.552448987960815
4.8738110065460205
5.157743692398071
5.5514562129974365
5.408504009246826
