0.09009957313537598
0.09009957313537598
0.13919472694396973
0.09009957313537598
0.13919472694396973
0.18287301063537598
0.09009957313537598
0.13919472694396973
0.18287301063537598
0.2594482898712158
0.09009957313537598
0.13919472694396973
0.18287301063537598
0.2594482898712158
0.4082322120666504
0.09009957313537598
0.13919472694396973
0.18287301063537598
0.2594482898712158
0.4082322120666504
0.5024576187133789
0.09009957313537598
0.13919472694396973
0.18287301063537598
0.2594482898712158
0.4082322120666504
0.5024576187133789
0.6214702129364014
0.09009957313537598
0.13919472694396973
0.18287301063537598
0.2594482898712158
0.4082322120666504
0.5024576187133789
0.6214702129364014
0.8063900470733643
0.09009957313537598
0.13919472694396973
0.18287301063537598
0.2594482898712158
0.4082322120666504
0.5024576187133789
0.6214702129364014
0.8063900470733643
0.9899890422821045
0.09009957313537598
0.13919472694396973
0.18287301063537598
0.2594482898712158
0.4082322120666504
0.5024576187133789
0.6214702129364014
0.8063900470733643
0.9899890422821045
1.323840618133545
0.09009957313537598
0.13919472694396973
0.18287301063537598
0.2594482898712158
0.4082322120666504
0.5024576187133789
0.6214702129364014
0.8063900470733643
0.9899890422821045
1.323840618133545
1.78000807762146
0.09009957313537598
0.13919472694396973
0.18287301063537598
0.2594482898712158
0.4082322120666504
0.5024576187133789
0.6214702129364014
0.8063900470733643
0.9899890422821045
1.323840618133545
1.78000807762146
2.3441696166992188
0.09009957313537598
0.13919472694396973
0.18287301063537598
0.2594482898712158
0.4082322120666504
0.5024576187133789
0.6214702129364014
0.8063900470733643
0.9899890422821045
1.323840618133545
1.78000807762146
2.3441696166992188
2.207489013671875
0.09009957313537598
0.13919472694396973
0.18287301063537598
0.2594482898712158
0.4082322120666504
0.5024576187133789
0.6214702129364014
0.8063900470733643
0.9899890422821045
1.323840618133545
1.78000807762146
2.3441696166992188
2.207489013671875
2.4248242378234863
0.09009957313537598
0.13919472694396973
0.18287301063537598
0.2594482898712158
0.4082322120666504
0.5024576187133789
0.6214702129364014
0.8063900470733643
0.9899890422821045
1.323840618133545
1.78000807762146
2.3441696166992188
2.207489013671875
2.4248242378234863
2.998039722442627
0.09009957313537598
0.13919472694396973
0.18287301063537598
0.2594482898712158
0.4082322120666504
0.5024576187133789
0.6214702129364014
0.8063900470733643
0.9899890422821045
1.323840618133545
1.78000807762146
2.3441696166992188
2.207489013671875
2.4248242378234863
2.998039722442627
3.2745277881622314
0.09009957313537598
0.13919472694396973
0.18287301063537598
0.2594482898712158
0.4082322120666504
0.5024576187133789
0.6214702129364014
0.8063900470733643
0.9899890422821045
1.323840618133545
1.78000807762146
2.3441696166992188
2.207489013671875
2.4248242378234863
2.998039722442627
3.2745277881622314
3.496009111404419
0.09009957313537598
0.13919472694396973
0.18287301063537598
0.2594482898712158
0.4082322120666504
0.5024576187133789
0.6214702129364014
0.8063900470733643
0.9899890422821045
1.323840618133545
1.78000807762146
2.3441696166992188
2.207489013671875
2.4248242378234863
2.998039722442627
3.2745277881622314
3.496009111404419
4.639233350753784
0.09009957313537598
0.13919472694396973
0.18287301063537598
0.2594482898712158
0.4082322120666504
0.5024576187133789
0.6214702129364014
0.8063900470733643
0.9899890422821045
1.323840618133545
1.78000807762146
2.3441696166992188
2.207489013671875
2.4248242378234863
2.998039722442627
3.2745277881622314
3.496009111404419
4.639233350753784
4.937487840652466
0.09009957313537598
0.13919472694396973
0.18287301063537598
0.2594482898712158
0.4082322120666504
0.5024576187133789
0.6214702129364014
0.8063900470733643
0.9899890422821045
1.323840618133545
1.78000807762146
2.3441696166992188
2.207489013671875
2.4248242378234863
2.998039722442627
3.2745277881622314
3.496009111404419
4.639233350753784
4.937487840652466
5.251598358154297
