0.36667704582214355
0.36667704582214355
0.6217193603515625
0.36667704582214355
0.6217193603515625
0.8745789527893066
0.36667704582214355
0.6217193603515625
0.8745789527893066
1.0528111457824707
0.36667704582214355
0.6217193603515625
0.8745789527893066
1.0528111457824707
1.247711181640625
0.36667704582214355
0.6217193603515625
0.8745789527893066
1.0528111457824707
1.247711181640625
1.6793537139892578
0.36667704582214355
0.6217193603515625
0.8745789527893066
1.0528111457824707
1.247711181640625
1.6793537139892578
1.9180309772491455
0.36667704582214355
0.6217193603515625
0.8745789527893066
1.0528111457824707
1.247711181640625
1.6793537139892578
1.9180309772491455
1.7851662635803223
0.36667704582214355
0.6217193603515625
0.8745789527893066
1.0528111457824707
1.247711181640625
1.6793537139892578
1.9180309772491455
1.7851662635803223
1.9217431545257568
0.36667704582214355
0.6217193603515625
0.8745789527893066
1.0528111457824707
1.247711181640625
1.6793537139892578
1.9180309772491455
1.7851662635803223
1.9217431545257568
2.084547281265259
