0.29422640800476074
0.29422640800476074
0.5023729801177979
0.29422640800476074
0.5023729801177979
0.7834172248840332
0.29422640800476074
0.5023729801177979
0.7834172248840332
1.2476396560668945
0.29422640800476074
0.5023729801177979
0.7834172248840332
1.2476396560668945
2.140688896179199
0.29422640800476074
0.5023729801177979
0.7834172248840332
1.2476396560668945
2.140688896179199
3.087719678878784
0.29422640800476074
0.5023729801177979
0.7834172248840332
1.2476396560668945
2.140688896179199
3.087719678878784
4.436417818069458
0.29422640800476074
0.5023729801177979
0.7834172248840332
1.2476396560668945
2.140688896179199
3.087719678878784
4.436417818069458
6.0131800174713135
0.29422640800476074
0.5023729801177979
0.7834172248840332
1.2476396560668945
2.140688896179199
3.087719678878784
4.436417818069458
6.0131800174713135
8.014141321182251
0.29422640800476074
0.5023729801177979
0.7834172248840332
1.2476396560668945
2.140688896179199
3.087719678878784
4.436417818069458
6.0131800174713135
8.014141321182251
11.542599201202393
0.29422640800476074
0.5023729801177979
0.7834172248840332
1.2476396560668945
2.140688896179199
3.087719678878784
4.436417818069458
6.0131800174713135
8.014141321182251
11.542599201202393
15.454621315002441
0.29422640800476074
0.5023729801177979
0.7834172248840332
1.2476396560668945
2.140688896179199
3.087719678878784
4.436417818069458
6.0131800174713135
8.014141321182251
11.542599201202393
15.454621315002441
17.763965129852295
0.29422640800476074
0.5023729801177979
0.7834172248840332
1.2476396560668945
2.140688896179199
3.087719678878784
4.436417818069458
6.0131800174713135
8.014141321182251
11.542599201202393
15.454621315002441
17.763965129852295
16.33343815803528
0.29422640800476074
0.5023729801177979
0.7834172248840332
1.2476396560668945
2.140688896179199
3.087719678878784
4.436417818069458
6.0131800174713135
8.014141321182251
11.542599201202393
15.454621315002441
17.763965129852295
16.33343815803528
17.209582328796387
0.29422640800476074
0.5023729801177979
0.7834172248840332
1.2476396560668945
2.140688896179199
3.087719678878784
4.436417818069458
6.0131800174713135
8.014141321182251
11.542599201202393
15.454621315002441
17.763965129852295
16.33343815803528
17.209582328796387
20.459219217300415
0.29422640800476074
0.5023729801177979
0.7834172248840332
1.2476396560668945
2.140688896179199
3.087719678878784
4.436417818069458
6.0131800174713135
8.014141321182251
11.542599201202393
15.454621315002441
17.763965129852295
16.33343815803528
17.209582328796387
20.459219217300415
20.836784839630127
0.29422640800476074
0.5023729801177979
0.7834172248840332
1.2476396560668945
2.140688896179199
3.087719678878784
4.436417818069458
6.0131800174713135
8.014141321182251
11.542599201202393
15.454621315002441
17.763965129852295
16.33343815803528
17.209582328796387
20.459219217300415
20.836784839630127
23.918434381484985
0.29422640800476074
0.5023729801177979
0.7834172248840332
1.2476396560668945
2.140688896179199
3.087719678878784
4.436417818069458
6.0131800174713135
8.014141321182251
11.542599201202393
15.454621315002441
17.763965129852295
16.33343815803528
17.209582328796387
20.459219217300415
20.836784839630127
23.918434381484985
34.89852547645569
0.29422640800476074
0.5023729801177979
0.7834172248840332
1.2476396560668945
2.140688896179199
3.087719678878784
4.436417818069458
6.0131800174713135
8.014141321182251
11.542599201202393
15.454621315002441
17.763965129852295
16.33343815803528
17.209582328796387
20.459219217300415
20.836784839630127
23.918434381484985
34.89852547645569
32.14968919754028
0.29422640800476074
0.5023729801177979
0.7834172248840332
1.2476396560668945
2.140688896179199
3.087719678878784
4.436417818069458
6.0131800174713135
8.014141321182251
11.542599201202393
15.454621315002441
17.763965129852295
16.33343815803528
17.209582328796387
20.459219217300415
20.836784839630127
23.918434381484985
34.89852547645569
32.14968919754028
33.772335052490234
